01 100 5 127
02 100 10 98
03 100 10 93
04 100 20 74
05 100 33 48
06 200 5 84
07 200 10 64
08 200 20 55
09 200 40 37
10 200 67 20
11 300 5 59
12 300 10 51
13 300 30 35
14 300 60 26
15 300 100 18
16 400 5 47
17 400 10 39
18 400 40 28
19 400 80 18
20 400 133 13
21 500 5 40
22 500 10 38
23 500 50 22
24 500 100 15
25 500 167 11
26 600 5 38
27 600 10 32
28 600 60 18
29 600 120 13
30 600 200 9
31 700 5 30
32 700 10 29
33 700 70 15
34 700 140 11
35 800 5 30
36 800 10 27
37 800 80 15
38 900 5 29
39 900 10 23
40 900 90 13
